function Nodes = NodefromBRM()

Nodes = [8.5000    8.5000
    7.1000   12.6000
   12.2000   11.3000
   11.5000   15.8000
   11.7000   20.3000
   11.3000   24.8000
   14.5000   25.0000
   12.9000   29.9000
   16.3000   30.2000
   12.5000   35.0000
   17.5000   35.9000
   18.9000   40.7000
   22.6000   38.4000
   23.0000   34.1000
   29.5000   30.6000
   28.3000   34.7000
   25.9000   39.9000
   30.4000   38.7000
   33.0000   34.4000
   37.6000   35.0000
   39.4000   30.0000
   43.0000   32.5000
   42.0000   28.7000
   40.6000   24.2000
   37.1000   26.4000
   31.3000   25.4000
   29.0000   21.0000
   34.3000   22.1000
   33.0000   15.0000
   32.5000   10.9000
   32.0000   17.3000
   26.1000   17.6000
   22.7000   16.4000
   19.8000   13.8000
   16.7000   10.9000];
% figure
% map = robotics.BinaryOccupancyGrid(field.Map,1/0.1);
% show(map)
% hold on
% plot(Nodes.node(:,1),Nodes.node(:,2),'*')



end




